image_width: 640
image_height: 480
camera_name: head_camera
camera_matrix:
  rows: 3
  cols: 3
  data: [634.4366904331357, 0, 332.3075874808564, 0, 637.2572824925794, 217.4478521724841, 0, 0, 1]
distortion_model: plumb_bob
distortion_coefficients:
  rows: 1
  cols: 5
  data: [-0.0430260731469282, 0.1553084499040344, -0.006929154337134328, 0.006950965073503779, 0]
rectification_matrix:
  rows: 3
  cols: 3
  data: [1, 0, 0, 0, 1, 0, 0, 0, 1]
projection_matrix:
  rows: 3
  cols: 4
  data: [638.9407348632812, 0, 335.013904066509, 0, 0, 642.6433715820312, 214.680706315803, 0, 0, 0, 1, 0]